 delta for calibr coefs, delta=-1+mpi0t*weight/mpi0r
 0.00000-0.05263-0.05738-0.01722 0.01014 0.00000 0.00741-0.00686 0.01488 0.02742 0.01308 0.01971-0.00135 0.01871 0.01561 0.02759 0.01280-0.01046-0.00629-0.04779 0.03600 0.03143-0.04950 0.00000
-0.08009 0.00340-0.05011-0.05017-0.02719 0.02369-0.01485-0.03217-0.00782-0.02567-0.02265-0.02155-0.03060-0.01630-0.01172-0.02133-0.03131-0.03700-0.05166-0.02506-0.01858-0.03301-0.05867 0.06979
-0.03128 0.00349-0.02746-0.04315 0.00366-0.01368 0.00712-0.01798-0.01678-0.02583-0.01499-0.02024-0.01891-0.02308-0.02863-0.03546-0.03908-0.02929-0.07476-0.04863-0.02507-0.05202 0.00000 0.00063
 0.00810 0.02819 0.00000-0.02543 0.00000 0.00782 0.00000-0.01412-0.02668-0.01256-0.01515-0.00325-0.01627-0.01715-0.03922-0.03615-0.02961-0.02916-0.04477-0.05062-0.05270-0.04417-0.02079 0.01052
 0.00169-0.04023 0.00114 0.00780-0.01739-0.01537 0.00091-0.02048-0.01672-0.01129-0.01392 0.00000-0.01966-0.02158-0.02556-0.03164-0.02304-0.02873-0.04191-0.04094-0.04787-0.05844-0.03709-0.00485
 0.06232-0.03209-0.01016 0.00000-0.00942-0.01283-0.01297-0.01508-0.01035-0.02239-0.01064 0.01522-0.01791-0.02476-0.02203-0.01131 0.00000-0.02415-0.03491-0.03673-0.03817-0.02756-0.02870-0.00827
-0.00963-0.05179-0.00173 0.00537-0.00096 0.00000-0.00065-0.01722-0.01625-0.00433 0.00147 0.00000 0.00403-0.01781-0.01663-0.02553-0.01080-0.02306-0.04196-0.03642-0.03311-0.03945-0.01469 0.00000
-0.00612-0.00935-0.01930-0.01534 0.00963 0.00000 0.00217-0.01385-0.00408 0.00155-0.00035 0.01389 0.00083-0.00957-0.01024-0.00214-0.01795-0.02450-0.02571-0.03219-0.02687-0.02987-0.02155 0.00415
 0.00722-0.00765-0.00898-0.01696-0.00607 0.00131-0.01646-0.01591 0.00444 0.00217 0.00237 0.00371 0.00177-0.00086 0.00027-0.00156-0.00195-0.01793-0.02077-0.03010-0.02226-0.02686-0.03551 0.00930
 0.02327-0.02567-0.01876-0.02044-0.00459-0.00464-0.00737-0.00663 0.00959 0.00790 0.00517 0.00752 0.00354 0.00563-0.00108-0.00492-0.00583-0.00461-0.02634-0.02765-0.04138-0.03316-0.02152 0.02503
 0.02643-0.00398 0.00444-0.00169-0.01014-0.00569 0.00373 0.00088 0.00593 0.00846 0.00000 0.00000 0.00000 0.00000 0.00560-0.00190-0.00768-0.01175-0.00988-0.02583-0.03795-0.02843-0.03150 0.00280
 0.00418-0.00757-0.00011-0.00810-0.00629-0.00066-0.00107 0.00030 0.00310 0.00785 0.00000 0.00000 0.00000 0.00000 0.00834 0.00289-0.00575-0.01138-0.01196-0.03288-0.03771-0.03633-0.02649-0.00304
-0.00091-0.02539-0.01449-0.00970-0.00321-0.01283-0.00372 0.00511 0.00667 0.00737 0.00000 0.00000 0.00000 0.00000 0.00380 0.00115-0.00262-0.00082-0.01708-0.02336-0.03283-0.04064-0.01786 0.01025
 0.03202-0.01995-0.02203-0.01600-0.00949-0.01882-0.00997 0.00027 0.00287 0.01101 0.00000 0.00000 0.00000 0.00000 0.00587 0.00706-0.00431-0.01032-0.01929-0.02673-0.03662-0.03666-0.03922-0.00412
 0.00167-0.00228-0.00742-0.00314-0.01040-0.00671-0.01176 0.00258 0.00513 0.01226 0.01499 0.01395 0.00977 0.00809 0.00848 0.00043-0.00020-0.00930-0.02338-0.02727-0.02769-0.03868-0.03710-0.00487
 0.00592-0.02487-0.00164-0.01355-0.00813-0.01741-0.01410-0.00411-0.00103 0.00043 0.00516 0.00693 0.00699 0.00944 0.00372-0.00327-0.00978-0.01248-0.01494-0.02436-0.02159-0.03120-0.03915 0.01086
 0.00588-0.01170-0.02704-0.02697-0.01496-0.02287-0.01465-0.01223-0.00796-0.00657-0.00375 0.00144 0.00530 0.00829 0.00364-0.00866-0.01322-0.01693-0.01149-0.01843-0.02253-0.02996 0.00912 0.00904
 0.01331-0.02736-0.03577-0.03674-0.03654-0.02394-0.02755-0.01128-0.00177-0.00462-0.00579-0.00436-0.00210 0.00847-0.01021-0.01467-0.00736-0.00127-0.01140-0.01088-0.00520 0.00473-0.04422 0.02742
-0.02678-0.04175-0.02203-0.01694-0.02554-0.02536-0.02567-0.00508-0.00129-0.00634-0.00935-0.00913-0.00030-0.01254-0.01432-0.01325 0.00426-0.02152-0.00749-0.01465-0.01695-0.02511-0.02076 0.00000
-0.00379-0.04075-0.04240-0.01175-0.02652-0.03277-0.02869-0.01821-0.00871-0.01368-0.01354 0.00530-0.01385-0.01242-0.00988-0.01318-0.02986-0.02102-0.02910-0.02750-0.03688-0.03605-0.01179 0.00135
-0.02206-0.04677-0.03044-0.00758-0.00737-0.02086-0.02005-0.01790-0.01384-0.00872-0.00379 0.00000 0.01029-0.01387-0.02613-0.00326-0.01744-0.02510-0.02477-0.02545-0.02439-0.02198 0.00753 0.00000
-0.01330-0.06275-0.03651-0.02928 0.00734-0.01490-0.02371-0.00627-0.01496-0.01789-0.00350 0.01312-0.01875-0.02005-0.01368 0.00163-0.02527-0.01033-0.03000-0.03117-0.03060-0.02982-0.01361 0.00714
-0.10027-0.08448-0.04767-0.03497-0.03659-0.02183-0.01377 0.00713-0.00369-0.01347-0.00172 0.00217-0.00670-0.01185 0.00219 0.01047 0.01006-0.03201-0.03539-0.02083-0.01299-0.00421-0.01989 0.01008
 0.01013-0.01283-0.00769-0.01440 0.01643-0.00727 0.02351 0.02810 0.02530 0.02534 0.00683 0.03078 0.00457 0.03394 0.04498 0.03486 0.01731 0.01499 0.00947 0.02503 0.03741 0.00385 0.10583 0.02144
 0.03347 0.02961 0.03603 0.03218 0.03322 0.03245 0.02710 0.03880
 0.03050 0.02645 0.02714 0.02544 0.02854 0.03000 0.03085 0.03544
 0.03306 0.02402 0.02402 0.02560 0.02467 0.02802 0.02537 0.03100
 0.02870 0.02411 0.02417 0.02392 0.02520 0.02643 0.02632 0.03096
 0.02589 0.02128 0.02096 0.02395 0.02709 0.02451 0.02714 0.02753
 0.03189 0.02422 0.02301 0.02605 0.02591 0.02733 0.02869 0.02778
 0.02952 0.02615 0.02436 0.02787 0.02927 0.02871 0.02885 0.02984
 0.03102 0.03403 0.03351 0.03534 0.03155 0.03414 0.02582 0.03665

 weights, W=(weight1+weight2+...)
    0.00  271.30  536.18  744.65 1148.94    0.00 2613.63 3293.39 5725.58 4668.16 6841.90 7315.17 8761.53 6654.12 5068.74 4333.55 3828.89 3375.10 1645.72 1112.88  641.58  846.79  492.96    0.00
  346.03  642.63  921.93 1398.84 2036.26 2990.75 4463.23 7756.78 9023.0011549.6711039.1315659.3015228.3612277.8210006.53 7866.26 7522.17 5301.98 4702.59 3560.24 1689.47  868.38  587.32  375.28
  559.96  894.63 1392.45 2413.09 3304.05 6201.30 9038.8212566.3220225.2420131.0125890.9429210.9827661.4924809.0521611.1617476.02 9885.79 9621.49 5781.62 4344.73 3317.91 2150.53    0.00  943.82
  586.05  820.58    0.00 3744.00    0.0012363.76    0.0026588.9435410.2344989.4956371.6051120.8654867.1950614.6635976.9031946.8822508.8719045.3112158.16 7106.53 5513.79 2812.28 2028.73 1455.08
  916.14 1940.00 3413.13 5960.0913801.8623614.2532971.2945000.2756806.7794013.48********    0.00********99000.0165788.2750853.7942679.1133954.7319465.5411394.15 6391.84 4199.27 2037.29 1774.62
 1890.07 3953.45 6302.45    0.0024709.7935183.6759193.6687587.66****************************************************************    0.0056256.5538742.8122611.8311814.82 6710.99 4560.59 1622.75
 2054.59 4804.2910344.1221883.5332975.37    0.0088072.44********************************    0.00************************************************54880.3337093.8222690.0410537.05 5266.95    0.00
 4019.62 7953.3015843.9625601.7044651.34    0.00************************************************************************************************91945.3848238.3828701.4315759.53 7127.09 3487.30
 5284.70 9029.2820384.6738473.9462585.57****************************************************************************************************************67050.4634007.3821894.6310900.63 6217.14
 7269.6611671.0923597.5345079.5289112.39************************************************************************************************************************43748.4826483.5611989.28 3851.77
 8107.4311258.0830168.8359538.73************************************************    0.00    0.00    0.00    0.00************************************************56090.3428621.1310947.50 5892.67
 7420.0916602.1829421.4065943.37************************************************    0.00    0.00    0.00    0.00************************************************65373.5130964.1814483.06 8090.17
 5775.7415926.2834151.5356703.87************************************************    0.00    0.00    0.00    0.00************************************************62719.9729010.8216818.16 7500.42
 8133.6315307.5733900.0961182.65************************************************    0.00    0.00    0.00    0.00************************************************48086.5825746.2714206.66 8500.08
 4930.3915422.1327700.9551078.0284053.58****************************************************************************************************************99404.2352561.9631296.9614156.63 6604.71
 4574.68 9806.9920376.0840082.6275634.87****************************************************************************************************************79463.1740140.3821829.8911239.07 5452.74
 3587.76 7201.6714824.6433296.4558069.4298163.52********************************************************************************************************60416.6632845.0919011.5310839.49 3938.29
 3654.91 5457.2012301.9424215.8735160.8274528.09************************************************************************************************63131.3538394.8225711.7614158.76 4696.40 3847.52
  997.85 4095.03 7208.7515141.8924500.9141939.2372389.9894561.61****************************************************************96617.7261555.0452044.3225844.9412975.42 9123.04 5464.57    0.00
 1057.75 3088.03 4115.66 8882.0213606.0827722.1638034.2848200.3076998.32************************************************87121.5952941.4045041.6128393.3320175.4110729.68 6309.77 3447.68 1030.82
  920.66 1515.26 2979.88 5528.83 9168.3816552.7124317.9335558.3544922.8958149.3469045.16    0.0073599.6072290.6650481.5449195.2532645.0426512.7218359.8211146.86 8246.43 3950.57 1489.66    0.00
  679.97  968.31 2572.46 3109.39 4136.82 7585.3812437.5219733.6421188.3430683.8233568.7734760.0227283.3936306.0030869.0822350.8717955.9812433.8812023.00 6917.68 4381.17 2205.08 1319.13  775.51
  420.06  766.39 1864.04 1865.67 2176.17 4513.56 6919.93 8704.4413298.3316056.6118297.7519294.6417987.3720918.3611524.5311380.51 9120.54 1203.26 5557.88 4675.69 2445.93 1357.83 1059.44  711.39
  132.06  768.03  501.21 1121.64 1900.28 2916.46 2899.75 3787.14 4608.54 5064.47 6834.97 8752.39 6435.08 6856.86 6766.06 5944.67 4764.72 2753.36 2997.20 2236.15 1080.58  898.10  563.49  333.96
12064.1143038.7049679.6857367.6466533.4452301.5924406.84 5173.59
43625.96************************************************28130.60
71495.45************************************************48756.72
93462.77************************************************55623.37
********************************************************46570.51
********************************************************38982.98
********************************************************35229.52
41977.25********88131.4267221.3549027.0543457.9841743.5513805.78

 D, D=(weight1**2+weight2**2+...)
    0.00    0.83    1.91    3.65    6.31    0.00   15.97   16.50   32.25   26.42   41.15   40.23   50.02   35.05   29.75   26.18   21.38   19.04    7.84    5.23    3.49    5.23    1.89    0.92
    0.95    3.26    3.70    5.28    9.35   16.86   21.50   38.22   44.08   57.98   56.75   72.12   73.93   58.91   48.83   33.48   35.75   23.76   21.65   17.09    9.88    3.42    2.75    2.30
    2.60    4.01    7.22   10.93   18.88   31.75   55.19   61.48  103.33  100.70  137.84  153.92  143.87  122.14  101.04   76.51   41.91   41.47   24.25   16.80   15.89    8.48    0.00    5.97
    3.28    4.23    0.00   20.37    0.00   76.96    0.00  140.70  188.63  245.74  299.85  310.41  282.47  258.05  170.59  146.10  100.51   88.74   58.29   30.51   25.65   10.82   10.83    8.47
    4.96    8.63   17.69   32.62   72.44  127.97  194.57  235.64  317.79  515.50  631.31    0.00  636.42  497.07  329.96  252.30  228.69  162.80   90.00   53.42   25.41   17.51    7.83    9.35
   12.04   19.99   36.34    0.00  138.44  201.79  327.72  456.67  684.06  847.12 1168.29 1471.97 1145.13  873.40  673.47  543.65    0.00  303.13  195.64  109.24   57.04   29.53   21.16    9.38
   10.29   22.76   57.04  129.33  197.12    0.00  504.35  728.23 1041.58 1500.04 1996.49    0.00 2036.77 1577.88 1244.76  879.93  836.50  502.34  266.95  173.45  108.62   50.11   25.04    0.00
   22.21   36.96   83.81  146.83  286.13    0.00  782.05 1257.01 1483.93 2453.53 2830.10 2977.25 2731.73 2254.31 1911.46 1722.50 1176.94  866.62  471.77  239.23  149.36   84.07   37.46   18.63
   28.27   45.89   98.74  196.89  350.32  664.48 1069.36 1631.71 2703.40 2993.55 3897.22 4102.28 3897.64 3335.75 2850.11 2260.54 1735.25 1173.52  774.04  326.11  161.10  102.49   55.07   35.14
   41.58   59.01  123.94  238.60  496.97  904.14 1503.39 2175.99 3218.98 4240.47 5136.30 5662.58 5350.18 5059.15 3764.14 3218.43 2420.43 1607.39  902.75  541.56  217.92  122.61   58.04   20.83
   49.21   64.28  173.82  316.42  597.82  813.28 1816.85 2781.83 3889.27 5393.77    0.00    0.00    0.00    0.00 5117.78 3925.64 2823.14 1820.56 1242.61  627.69  281.19  134.64   54.03   32.60
   38.54   90.33  164.33  369.09  660.42 1243.02 2004.18 3037.28 4447.05 5879.57    0.00    0.00    0.00    0.00 5647.72 4083.21 3054.18 2178.60 1264.18  623.65  307.49  134.44   65.79   42.65
   31.94   82.76  190.42  326.53  675.51 1178.50 2054.32 3175.91 4866.87 6193.17    0.00    0.00    0.00    0.00 5804.61 4168.54 3222.52 2343.90 1014.90  674.54  304.82  126.11   82.02   39.90
   48.69   73.90  167.56  328.66  594.47 1080.90 1907.52 2999.30 4367.02 6060.26    0.00    0.00    0.00    0.00 5445.23 3965.65 2602.56 1996.32 1172.76  619.78  240.34  113.39   60.75   46.57
   29.63   88.47  147.97  297.79  486.68  982.74 1568.15 2663.22 3693.62 5189.66 5992.27 6525.08 6539.38 5607.00 4331.77 3346.90 2799.71 1553.65  888.13  480.34  246.66  149.45   62.53   33.12
   27.98   55.98  110.19  230.85  421.99  706.91 1228.69 1906.24 2772.88 3692.05 4498.31 4739.15 4889.91 4479.58 3580.31 2955.86 1811.57 1245.50  796.61  417.95  203.87  109.49   57.09   27.72
   19.11   33.37   72.83  168.90  286.70  496.81  851.46 1246.01 1797.26 2401.86 2979.69 3255.09 3367.72 3422.09 2763.56 2091.22 1292.44  835.16  597.10  323.94  168.67   95.64   59.97   24.23
   20.99   26.78   57.15  116.32  179.48  383.85  550.61  871.13 1190.89 1475.79 1842.79 2236.36 2350.34 2269.47 1837.51 1317.03  977.74  671.08  355.39  209.93  137.72   80.37   26.58   27.22
    3.50   20.50   35.61   73.45  124.06  199.95  367.10  531.24  794.95  971.13 1170.40 1366.33 1511.56 1300.57 1162.36  817.38  580.17  352.75  289.97  144.66   73.90   46.41   31.44    0.00
    4.46   13.31   21.04   49.02   66.98  141.54  187.40  267.67  430.53  582.01  684.33  758.30  727.84  783.55  619.13  451.92  299.95  228.18  143.29  104.12   52.39   28.58   17.93    6.42
    4.24    5.77   14.08   27.67   45.27   82.32  119.82  182.92  233.09  295.72  376.12    0.00  445.72  366.17  276.01  250.19  175.45  123.68   87.32   55.89   40.90   18.97    8.42    0.00
    3.12    3.48   11.63   16.89   23.61   39.88   62.90  109.74  109.54  164.77  183.87  225.69  164.14  177.11  159.31  117.38   93.99   65.02   56.81   32.61   20.99   10.36    6.39    4.28
    1.89    2.76    8.63    8.67    9.74   20.58   37.37   51.53   69.63   83.05   97.19   96.59   96.58  104.75   63.09   62.29   49.28    7.56   27.12   23.27   11.79    6.74    4.96    3.33
    0.24    4.16    1.95    5.38   11.26   16.48   16.30   25.10   25.37   30.73   43.61   53.42   41.52   41.48   43.52   36.57   30.04   16.13   15.11   12.15    6.65    4.86    3.59    1.98
   39.58  165.17  163.39  211.15  276.23  205.45   88.20   18.61
  151.60  883.20 1021.56 1094.36 1179.97 1027.93  705.76   92.71
  257.00 1216.10 1431.42 1453.22 1473.84 1416.00 1103.05  176.14
  337.26 1363.59 1487.70 1577.73 1508.36 1512.87 1086.30  222.14
  511.90 1379.71 1482.34 1470.30 1575.98 1503.87 1045.11  171.04
  589.70 1365.85 1458.38 1474.75 1448.84 1430.33  917.97  150.95
  391.46 1274.45 1260.12 1212.93 1080.72  950.73  762.61  119.16
  184.97  493.33  337.99  273.26  162.45  171.32  174.09   41.35

 statistika, N:
       0       8      22      29      18       0      33      89      88     109     121     152     166     158      80      89      90      48      52      21      14      12      15       5
      12      15      20      37      39      55      78     128     195     301     189     571     320     248     230     307     193     149     111     116      18      24      20       7
       9      20      28      38      46      98     117     254     379     362     479     449     501     493     759     633     271     428      92     155      78      64       0      11
       9      17       0      63       0     162       0     963     568     744    1116     721    1161    1062     793    1246     793     492     257     224     111      84      47      30
      40      48      54     120     295     366     470     765     731    2175    1951       0    2289    3597    1742    1060    1035     879     479     241     234     176      54      32
      32      62      83       0     447     492    1003    2270    5068    2204    3521    2453    2369    4290    3710    3674       0    1068     832     651     206     180     105      21
      68      73     152     320     541       0    1638    2301    3201    4743    4989       0    5313    8168   10331    3044    4255    3289    1231    1395     649     230     138       0
      69     194     289     305     485       0    6047    8682    4192    9438    9491    7954    9087   11674    8019    5845    2662    3064    1933     998     463     228     119      92
     115     155     721     952     898    2191    5466    5643   10233    8234   19023   17474   20308   14909   16014    6900    5959    3001    3936    1779    1094     773     186     123
     133     229     415     716    1637    2703    9205    4733    8258   16750   16955   22654   18911   24669   13649   14769   13108    5344    2082    2834     712     838     297      57
     189     135     427    1297    1780    1325    6258    9467   15409   21762       0       0       0       0   22288   14331   11712    4984    3978    2364    1116    1036     179     133
     221     264     436    1153    2218    4026    6731   10881   18685   19629       0       0       0       0   21035   14891   11223    9117    4442    2219    2338    1384     398     207
     109     268     492     720    2456    4186    5464   10088   21259   13722       0       0       0       0   26264   17639   11336   12368    2033    3411    1728    1048     441     154
     189     404     951    1057    3175    4977    5565    9375   13587   16689       0       0       0       0   27142   18743    5518    7425    4930    3299     790    1052     473     193
      58     231     432     763    1058    6297    4556    8961   11072   13457   13634   19011   28905   18692   11746   10738   13586    5355    3048    3291    1789    1009     453     199
      57     108     435     495    1275    2939    3543    4847    7846   10189   12827   14044   19711   17342    8506   11844    7225    5261    4773    1457     951     446     164     183
      77     217     302     625    1774    2526    3261    6228    9683   12097   16889   11164    9399   11567    7342   10383    5972    2573    2290    1088     650     344     292      43
      93     108     344     613     522    1710    1664    4153    4549    5971    9019    7944    5038    5043    3551    5905    5523    3283     823     585     596     259      47      53
      32      65     129     372     488    1138    2135    1592    1655    2276    5374    5129    5764    3091    4602    3391    1344     681    1057     346     146     167      84       0
      37      74      62     137     228     570     753     633    1312    2213    2475    2256    1482    2875    1956    2202     602    1448     450     419     208     164      75      11
      23      36      72     110     215     456     586     842     980    1479    1586       0    1553    1771     671    1744     599    1059     465     164     187      69      18       0
      23      26      44      40      51     126     209     303     340     506     499     392     275     992     861     390     247     252     372     154      72      35      29      10
       6      18      40      45      36     100      92     108     279     312     432     389     442     775     156     186     214      10     110     123      48      32      22      17
       7      12      12      19      27      42      66      40      81      66      82     163      68     102      82      86      55      59      70      42      12      13      10       6
     787    2149    4624    3365    2701    2646    1031     184
    2822    4141    7461    7456    9174   10386    3663    2412
    5500    9493   13155   10352    7986   11676    6243    3216
    8467   10907   14113   13646   11885   10803   10296    2490
    4879    8936    9011   14387   10216   12613    8589    2640
    5766   11237    9859   11231   12019   10693    8654    1898
    7381    7594    9955    7934    7099    7525    5185    3066
    1290    3679    5358    2522    4091    1732    1343    1161

 sigma, sigma=sqrt(D-W**2)/W
 0.00000 0.99996 0.99993 0.99990 0.99996 0.00000 0.99996 0.99993 0.99996 0.99993 0.99995 0.99994 0.99995 0.99994 0.99995 0.99994 0.99993 0.99996 0.99992 0.99996 0.99994 0.99996 0.99994 0.00000
 0.99995 0.99994 0.99996 0.99995 0.99996 0.99995 0.99996 0.99996 0.99995 0.99993 0.99996 0.99992 0.99995 0.99995 0.99994 0.99992 0.99994 0.99994 0.99995 0.99992 0.99997 0.99995 0.99992 0.99994
 0.99996 0.99995 0.99995 0.99996 0.99996 0.99996 0.99996 0.99995 0.99995 0.99996 0.99995 0.99996 0.99995 0.99995 0.99992 0.99992 0.99994 0.99990 0.99997 0.99993 0.99994 0.99994 0.00000 0.99996
 0.99996 0.99995 0.00000 0.99995 0.00000 0.99996 0.00000 0.99990 0.99996 0.99995 0.99995 0.99996 0.99995 0.99995 0.99995 0.99991 0.99992 0.99994 0.99995 0.99993 0.99995 0.99994 0.99994 0.99994
 0.99988 0.99994 0.99996 0.99994 0.99994 0.99996 0.99996 0.99996 0.99996 0.99994 0.99995 0.00000 0.99994 0.99991 0.99993 0.99995 0.99994 0.99994 0.99994 0.99995 0.99993 0.99991 0.99995 0.99995
 0.99995 0.99996 0.99996 0.00000 0.99995 0.99996 0.99995 0.99993 0.99990 0.99996 0.99995 0.99996 0.99996 0.99993 0.99993 0.99990 0.00000 0.99995 0.99995 0.99993 0.99996 0.99994 0.99995 0.99996
 0.99992 0.99996 0.99996 0.99996 0.99995 0.00000 0.99995 0.99995 0.99995 0.99995 0.99995 0.00000 0.99995 0.99993 0.99989 0.99995 0.99992 0.99992 0.99995 0.99991 0.99993 0.99995 0.99994 0.00000
 0.99995 0.99994 0.99995 0.99997 0.99997 0.00000 0.99989 0.99990 0.99995 0.99993 0.99994 0.99995 0.99994 0.99992 0.99994 0.99994 0.99996 0.99995 0.99995 0.99995 0.99996 0.99996 0.99996 0.99993
 0.99994 0.99996 0.99991 0.99994 0.99996 0.99995 0.99993 0.99995 0.99994 0.99995 0.99992 0.99993 0.99992 0.99993 0.99991 0.99995 0.99994 0.99996 0.99993 0.99994 0.99992 0.99992 0.99996 0.99994
 0.99995 0.99995 0.99995 0.99996 0.99995 0.99995 0.99991 0.99996 0.99995 0.99993 0.99994 0.99993 0.99994 0.99992 0.99994 0.99993 0.99992 0.99994 0.99996 0.99993 0.99996 0.99993 0.99994 0.99996
 0.99993 0.99997 0.99996 0.99994 0.99995 0.99997 0.99994 0.99994 0.99993 0.99993 0.00000 0.00000 0.00000 0.00000 0.99993 0.99994 0.99993 0.99996 0.99995 0.99995 0.99995 0.99991 0.99996 0.99994
 0.99992 0.99996 0.99996 0.99995 0.99995 0.99995 0.99994 0.99994 0.99993 0.99994 0.00000 0.00000 0.00000 0.00000 0.99993 0.99994 0.99994 0.99993 0.99994 0.99995 0.99992 0.99990 0.99994 0.99993
 0.99995 0.99996 0.99996 0.99996 0.99994 0.99995 0.99995 0.99995 0.99993 0.99996 0.00000 0.00000 0.00000 0.00000 0.99992 0.99993 0.99994 0.99992 0.99997 0.99993 0.99993 0.99992 0.99994 0.99995
 0.99993 0.99994 0.99993 0.99995 0.99993 0.99994 0.99995 0.99995 0.99995 0.99995 0.00000 0.00000 0.00000 0.00000 0.99992 0.99992 0.99996 0.99994 0.99994 0.99993 0.99996 0.99991 0.99993 0.99994
 0.99996 0.99996 0.99996 0.99996 0.99996 0.99991 0.99995 0.99994 0.99995 0.99995 0.99996 0.99995 0.99992 0.99994 0.99995 0.99995 0.99992 0.99995 0.99995 0.99992 0.99992 0.99992 0.99993 0.99992
 0.99996 0.99997 0.99994 0.99996 0.99995 0.99994 0.99995 0.99996 0.99995 0.99995 0.99995 0.99995 0.99993 0.99993 0.99996 0.99993 0.99994 0.99994 0.99992 0.99995 0.99994 0.99995 0.99996 0.99991
 0.99994 0.99993 0.99995 0.99995 0.99992 0.99993 0.99994 0.99993 0.99992 0.99992 0.99991 0.99994 0.99995 0.99994 0.99995 0.99993 0.99994 0.99995 0.99994 0.99995 0.99995 0.99995 0.99993 0.99997
 0.99993 0.99995 0.99994 0.99994 0.99996 0.99994 0.99996 0.99993 0.99994 0.99994 0.99993 0.99994 0.99996 0.99996 0.99996 0.99993 0.99992 0.99992 0.99996 0.99996 0.99994 0.99995 0.99997 0.99995
 0.99994 0.99996 0.99996 0.99994 0.99995 0.99994 0.99993 0.99995 0.99996 0.99996 0.99993 0.99994 0.99994 0.99996 0.99994 0.99994 0.99996 0.99997 0.99994 0.99996 0.99997 0.99995 0.99996 0.00000
 0.99993 0.99995 0.99996 0.99996 0.99996 0.99995 0.99995 0.99996 0.99995 0.99994 0.99995 0.99995 0.99997 0.99994 0.99995 0.99993 0.99997 0.99992 0.99996 0.99995 0.99995 0.99994 0.99994 0.99997
 0.99994 0.99995 0.99994 0.99995 0.99994 0.99993 0.99994 0.99994 0.99994 0.99994 0.99994 0.00000 0.99994 0.99994 0.99996 0.99991 0.99995 0.99991 0.99994 0.99996 0.99994 0.99996 0.99997 0.00000
 0.99992 0.99995 0.99996 0.99997 0.99996 0.99996 0.99996 0.99996 0.99996 0.99996 0.99996 0.99996 0.99997 0.99993 0.99993 0.99995 0.99996 0.99995 0.99993 0.99995 0.99996 0.99996 0.99995 0.99996
 0.99997 0.99996 0.99995 0.99994 0.99996 0.99995 0.99996 0.99996 0.99995 0.99995 0.99994 0.99995 0.99993 0.99991 0.99996 0.99996 0.99994 0.99997 0.99995 0.99993 0.99995 0.99994 0.99995 0.99994
 0.99995 0.99996 0.99995 0.99996 0.99996 0.99996 0.99994 0.99997 0.99995 0.99996 0.99996 0.99994 0.99997 0.99995 0.99996 0.99996 0.99996 0.99994 0.99994 0.99995 0.99997 0.99996 0.99994 0.99995
 0.99989 0.99990 0.99985 0.99989 0.99992 0.99990 0.99992 0.99994
 0.99989 0.99995 0.99992 0.99993 0.99992 0.99990 0.99994 0.99986
 0.99986 0.99992 0.99991 0.99992 0.99994 0.99991 0.99994 0.99988
 0.99984 0.99992 0.99991 0.99991 0.99992 0.99992 0.99991 0.99991
 0.99991 0.99993 0.99993 0.99990 0.99993 0.99991 0.99992 0.99990
 0.99991 0.99992 0.99993 0.99992 0.99992 0.99992 0.99991 0.99991
 0.99986 0.99994 0.99992 0.99993 0.99993 0.99992 0.99992 0.99985
 0.99993 0.99992 0.99988 0.99992 0.99986 0.99992 0.99993 0.99987

 sigma/sqrt(N)
    0.00    0.35    0.21    0.19    0.24    0.00    0.17    0.11    0.11    0.10    0.09    0.08    0.08    0.08    0.11    0.11    0.11    0.14    0.14    0.22    0.27    0.29    0.26    0.00
    0.29    0.26    0.22    0.16    0.16    0.13    0.11    0.09    0.07    0.06    0.07    0.04    0.06    0.06    0.07    0.06    0.07    0.08    0.09    0.09    0.24    0.20    0.22    0.38
    0.33    0.22    0.19    0.16    0.15    0.10    0.09    0.06    0.05    0.05    0.05    0.05    0.04    0.05    0.04    0.04    0.06    0.05    0.10    0.08    0.11    0.12    0.00    0.30
    0.33    0.24    0.00    0.13    0.00    0.08    0.00    0.03    0.04    0.04    0.03    0.04    0.03    0.03    0.04    0.03    0.04    0.05    0.06    0.07    0.09    0.11    0.15    0.18
    0.16    0.14    0.14    0.09    0.06    0.05    0.05    0.04    0.04    0.02    0.02    0.00    0.02    0.02    0.02    0.03    0.03    0.03    0.05    0.06    0.07    0.08    0.14    0.18
    0.18    0.13    0.11    0.00    0.05    0.05    0.03    0.02    0.01    0.02    0.02    0.02    0.02    0.02    0.02    0.02    0.00    0.03    0.03    0.04    0.07    0.07    0.10    0.22
    0.12    0.12    0.08    0.06    0.04    0.00    0.02    0.02    0.02    0.01    0.01    0.00    0.01    0.01    0.01    0.02    0.02    0.02    0.03    0.03    0.04    0.07    0.09    0.00
    0.12    0.07    0.06    0.06    0.05    0.00    0.01    0.01    0.02    0.01    0.01    0.01    0.01    0.01    0.01    0.01    0.02    0.02    0.02    0.03    0.05    0.07    0.09    0.10
    0.09    0.08    0.04    0.03    0.03    0.02    0.01    0.01    0.01    0.01    0.01    0.01    0.01    0.01    0.01    0.01    0.01    0.02    0.02    0.02    0.03    0.04    0.07    0.09
    0.09    0.07    0.05    0.04    0.02    0.02    0.01    0.01    0.01    0.01    0.01    0.01    0.01    0.01    0.01    0.01    0.01    0.01    0.02    0.02    0.04    0.03    0.06    0.13
    0.07    0.09    0.05    0.03    0.02    0.03    0.01    0.01    0.01    0.01    0.00    0.00    0.00    0.00    0.01    0.01    0.01    0.01    0.02    0.02    0.03    0.03    0.07    0.09
    0.07    0.06    0.05    0.03    0.02    0.02    0.01    0.01    0.01    0.01    0.00    0.00    0.00    0.00    0.01    0.01    0.01    0.01    0.02    0.02    0.02    0.03    0.05    0.07
    0.10    0.06    0.05    0.04    0.02    0.02    0.01    0.01    0.01    0.01    0.00    0.00    0.00    0.00    0.01    0.01    0.01    0.01    0.02    0.02    0.02    0.03    0.05    0.08
    0.07    0.05    0.03    0.03    0.02    0.01    0.01    0.01    0.01    0.01    0.00    0.00    0.00    0.00    0.01    0.01    0.01    0.01    0.01    0.02    0.04    0.03    0.05    0.07
    0.13    0.07    0.05    0.04    0.03    0.01    0.01    0.01    0.01    0.01    0.01    0.01    0.01    0.01    0.01    0.01    0.01    0.01    0.02    0.02    0.02    0.03    0.05    0.07
    0.13    0.10    0.05    0.04    0.03    0.02    0.02    0.01    0.01    0.01    0.01    0.01    0.01    0.01    0.01    0.01    0.01    0.01    0.01    0.03    0.03    0.05    0.08    0.07
    0.11    0.07    0.06    0.04    0.02    0.02    0.02    0.01    0.01    0.01    0.01    0.01    0.01    0.01    0.01    0.01    0.01    0.02    0.02    0.03    0.04    0.05    0.06    0.15
    0.10    0.10    0.05    0.04    0.04    0.02    0.02    0.02    0.01    0.01    0.01    0.01    0.01    0.01    0.02    0.01    0.01    0.02    0.03    0.04    0.04    0.06    0.15    0.14
    0.18    0.12    0.09    0.05    0.05    0.03    0.02    0.03    0.02    0.02    0.01    0.01    0.01    0.02    0.01    0.02    0.03    0.04    0.03    0.05    0.08    0.08    0.11    0.00
    0.16    0.12    0.13    0.09    0.07    0.04    0.04    0.04    0.03    0.02    0.02    0.02    0.03    0.02    0.02    0.02    0.04    0.03    0.05    0.05    0.07    0.08    0.12    0.30
    0.21    0.17    0.12    0.10    0.07    0.05    0.04    0.03    0.03    0.03    0.03    0.00    0.03    0.02    0.04    0.02    0.04    0.03    0.05    0.08    0.07    0.12    0.24    0.00
    0.21    0.20    0.15    0.16    0.14    0.09    0.07    0.06    0.05    0.04    0.04    0.05    0.06    0.03    0.03    0.05    0.06    0.06    0.05    0.08    0.12    0.17    0.19    0.32
    0.41    0.24    0.16    0.15    0.17    0.10    0.10    0.10    0.06    0.06    0.05    0.05    0.05    0.04    0.08    0.07    0.07    0.32    0.10    0.09    0.14    0.18    0.21    0.24
    0.38    0.29    0.29    0.23    0.19    0.15    0.12    0.16    0.11    0.12    0.11    0.08    0.12    0.10    0.11    0.11    0.13    0.13    0.12    0.15    0.29    0.28    0.32    0.41
    0.04    0.02    0.01    0.02    0.02    0.02    0.03    0.07
    0.02    0.02    0.01    0.01    0.01    0.01    0.02    0.02
    0.01    0.01    0.01    0.01    0.01    0.01    0.01    0.02
    0.01    0.01    0.01    0.01    0.01    0.01    0.01    0.02
    0.01    0.01    0.01    0.01    0.01    0.01    0.01    0.02
    0.01    0.01    0.01    0.01    0.01    0.01    0.01    0.02
    0.01    0.01    0.01    0.01    0.01    0.01    0.01    0.02
    0.03    0.02    0.01    0.02    0.02    0.02    0.03    0.03

